# Z  N    p0d03/2   p0d05/2   p1s01/2   n0d03/2   n0d05/2   n1s01/2  
  8  16   -11.011   -17.112   -15.863     0.784    -6.701    -4.609
  9  16   -10.947   -17.370   -15.557    -4.416    -8.361    -5.609
 10  16   -10.893   -17.631   -15.268    -9.504    -9.987    -6.590
 11  16   -10.849   -17.894   -14.992   -14.488   -11.581    -7.554
 12  16   -10.812   -18.159   -14.730   -19.375   -13.145    -8.501
 13  16   -10.784   -18.426   -14.479   -24.170   -14.682    -9.433
 14  16   -10.762   -18.426   -14.239   -28.880   -16.192   -10.350
 15  16   -10.552   -18.186   -15.473   -29.625   -17.080   -12.940
 16  16   -10.341   -17.946   -15.473   -30.355   -17.946   -15.473
 17  16   -10.470   -17.947   -15.262   -31.429   -19.397   -16.388
 18  16   -10.601   -17.954   -15.060   -32.493   -20.827   -17.292
 19  16   -10.734   -17.965   -14.866   -33.546   -22.236   -18.184
 20  16   -10.734   -17.980   -14.679   -34.590   -23.626   -19.065