# Ex(MeV)	BGT(1/MeV)	J*2
0.594	0.003557	3
1.86	0.025317	3
2.244	0.002668	7
2.658	0.006166	5
3.203	0.037471	7
3.286	0.003617	5
3.901	0.041859	5
3.928	0.000119	3
4.211	0.000889	3
4.291	0.086919	3
4.446	0.000178	5
4.799	0.115853	7
4.984	0.013518	5
5.31	0.048855	5
5.51	0.017491	7
5.656	0.040436	7
5.852	0.009249	7
5.938	0.19293	5
6.122	0.000771	3
6.195	0.044586	5
6.587	0.006581	3
6.686	0.005336	7
6.805	0.023953	3
7.106	0.013577	7
7.45	0.0134	3
7.471	0.062373	5
7.994	0.05265	5
8.138	0.022589	7
8.602	0.021878	3
8.985	0.051701	7
9.051	0.043104	5
9.274	0.041859	3
9.667	0.080872	7
10.031	0.096821	5
10.17	0.075891	3
10.655	0.127948	7
10.911	0.142711	5
11.158	0.053005	3
11.703	0.142118	7
12.033	0.116327	5
12.345	0.049389	3
12.833	0.159194	7
13.265	0.081405	5
13.537	0.065871	3
14.035	0.104232	7
14.762	0.077373	5
15.099	0.101682	3
15.573	0.139391	7
16.306	0.124568	5
16.398	0.158067	3
16.992	0.249848	7
17.871	0.254769	5
17.886	0.208701	3
18.515	0.533491	7
19.407	0.660076	5
19.469	0.450723	3
20.064	1.65591	7
20.866	1.792752	5
20.972	1.209516	3
21.216	2.402372	7
22.13	1.492507	5
22.199	1.123605	3
22.599	0.840554	7
23.777	0.533729	5
23.834	0.410405	3
24.398	0.362558	7
25.536	0.294138	5
25.662	0.254651	3
26.264	0.214452	7
27.499	0.17455	5
27.654	0.174431	3
28.245	0.131209	7
29.577	0.096998	3
29.589	0.097947	5
30.353	0.094686	7
31.633	0.0651	3
31.772	0.070496	5
32.52	0.079152	7
33.375	0.0	3
33.441	0.0	5
33.509	0.0	7
33.897	0.047136	3
34.023	0.056385	5
34.75	0.065693	7
36.213	0.040376	3
36.368	0.063737	5
36.88	0.0	3
36.881	0.0	7
37.003	0.069488	7
37.054	0.0	7
37.153	0.0	7
37.418	0.0	5
37.599	0.0	3
37.783	0.0	7
37.801	0.0	3
37.836	0.0	5
38.254	0.0	3
38.27	0.0	5
38.285	0.0	7
38.504	0.038598	3
38.544	0.0	5
38.551	0.0	7
38.56	0.04008	5
38.694	0.0	7
38.757	0.0	5
39.248	0.046424	7
39.262	0.0	5
39.299	0.0	3
39.303	0.0	5
39.428	0.0	3
39.503	0.0	3
39.52	0.0	7
39.563	0.0	7
39.597	0.0	5
39.697	0.0	5
40.197	0.0	7
40.278	0.0	7
40.497	0.0	3
40.65	0.0	7
40.766	0.022471	3
40.811	0.0	5
40.821	0.0	5
40.931	0.0	7
40.938	0.0	7
40.956	0.026977	5
41.093	0.0	5
41.184	0.0	3
41.249	0.0	3
41.425	0.0	5
41.437	0.0	7
41.575	0.0	3
41.604	0.0	5
41.632	0.029349	7
41.69	0.0	3
41.79	0.0	7
41.911	0.0	7
41.995	0.0	7
42.008	0.0	7
42.118	0.0	3
42.159	0.0	7
42.17	0.0	5
42.176	0.0	3
42.182	0.0	3
42.292	0.0	7
42.33	0.0	7
42.337	0.0	5
42.407	0.0	7
42.655	0.0	5
42.932	0.0	3
42.982	0.0	7
42.992	0.0	3
42.997	0.0	5
43.05	0.0	5
43.051	0.0	3
43.086	0.0	7
43.251	0.014289	3
43.363	0.0	5
43.402	0.0	5
43.41	0.0	5
43.432	0.0	7
43.467	0.0	3
43.483	0.0	5
43.499	0.0	7
43.522	0.017906	5
43.552	0.0	5
43.608	0.0	7
43.624	0.0	3
43.689	0.0	7
43.723	0.0	5
43.731	0.0	7
43.768	0.0	5
43.775	0.0	3
43.812	0.0	3
43.827	0.0	3
43.842	0.0	5
43.938	0.0	7
44.014	0.0	3
44.029	0.0	7
44.031	0.0	5
44.163	0.019803	7
44.274	0.0	7
44.374	0.0	7
44.431	0.0	5
44.446	0.0	5
44.447	0.0	3
44.47	0.0	3
44.508	0.0	3
44.548	0.0	7
44.554	0.0	5
44.583	0.0	7
44.62	0.0	7
44.684	0.0	3
44.692	0.0	3
44.722	0.0	3
44.762	0.0	7
44.764	0.0	5
44.784	0.0	3
44.884	0.0	5
44.9	0.0	3
44.944	0.0	3
44.946	0.0	3
44.968	0.0	7
44.971	0.0	3
44.984	0.0	5
44.991	0.0	5
45.024	0.0	5
45.078	0.0	5
45.089	0.0	7
45.107	0.0	7
45.152	0.0	5
45.159	0.0	7
45.176	0.0	7
45.202	0.0	3
45.255	0.0	7
45.293	0.0	7
45.346	0.0	3
45.35	0.0	3
45.414	0.0	7
45.456	0.0	3
45.481	0.0	3
45.505	5.9e-5	3
45.511	0.0	7
45.535	0.0	7
45.593	0.0	5
45.631	0.0	7
45.637	0.0	3
45.669	0.0	5
45.728	0.0	3
45.728	0.0	7
45.729	0.0	7
45.787	0.0	5
45.848	0.009131	3
45.875	0.0	7
45.898	0.0	3
45.91	5.9e-5	3
45.981	0.0	5
45.987	0.0	5
45.996	0.0	7
45.999	0.0	5
46.01	0.0	5
46.038	0.0	3
46.103	0.012866	5
46.139	5.9e-5	5
46.145	5.9e-5	5
46.17	5.9e-5	7
46.172	0.0	5
46.192	0.0	3
46.194	0.0	7
46.217	0.0	5
46.237	0.0	5
46.24	0.0	3
46.282	5.9e-5	7
46.308	0.0	5
46.348	0.0	5
46.375	0.0	5
46.393	5.9e-5	7
46.398	0.0	7
46.405	0.0	3
46.441	0.0	5
46.443	0.0	5
46.479	0.0	7
46.496	0.0	3
46.497	5.9e-5	3
46.511	5.9e-5	5
46.527	0.0	5
46.581	0.0	5
46.643	0.0	3
46.782	0.0	7
46.785	0.013459	7
46.847	0.0	5
46.874	0.0	3
46.9	0.0	5
46.934	5.9e-5	5
46.949	0.0	3
46.958	0.0	7
47.024	0.0	7
47.051	0.0	5
47.063	0.0	7
47.089	0.0	7
47.128	0.0	5
47.187	5.9e-5	7
47.191	0.0	3
47.23	0.0	7
47.244	0.0	7
47.253	0.0	3
47.27	0.0	3
47.323	0.0	3
47.335	0.0	7
47.362	0.0	5
47.368	0.0	5
47.395	0.0	7
47.445	0.0	5
47.542	0.0	7
47.55	0.0	5
47.595	0.0	5
47.615	0.0	5
47.62	0.0	5
47.666	0.0	7
47.74	0.0	3
47.941	0.0	5
47.955	0.0	5
48.014	0.0	5
48.041	5.9e-5	3
48.048	0.0	7
48.274	5.9e-5	7
48.322	0.0	7
48.338	0.0	3
48.346	0.0	5
48.352	0.0	3
48.355	5.9e-5	5
48.377	0.0	3
48.385	0.0	7
48.443	0.0	5
48.467	0.0	3
48.576	0.006344	3
48.613	0.0	3
48.616	0.0	3
48.621	0.0	3
48.622	0.0	3
48.622	5.9e-5	7
48.622	0.0	7
48.65	0.0	3
48.728	0.0	3
48.759	0.008597	5
48.766	0.0	5
48.783	0.0	3
48.813	0.0	7
48.833	0.0	7
48.873	0.0	3
48.896	0.0	5
48.922	0.0	5
48.925	0.0	7
49.007	0.0	7
49.011	0.0	7
49.013	0.0	3
49.025	0.0	7
49.033	0.0	5
49.047	0.0	5
49.183	0.0	3
49.25	0.0	3
49.258	0.0	5
49.275	0.0	3
49.354	0.0	7
49.363	5.9e-5	5
49.39	0.0	3
49.401	0.0	5
49.417	5.9e-5	5
49.42	0.0	5
49.431	0.0	3
49.431	0.0	7
49.435	5.9e-5	3
49.466	0.009842	7
49.481	0.0	3
49.523	0.0	7
49.534	0.0	7
49.54	0.0	7
49.558	5.9e-5	5
49.608	0.0	3
49.615	0.0	3
49.643	5.9e-5	7
49.649	0.0	7
49.682	0.0	3
49.733	0.0	5
49.74	0.0	3
49.765	5.9e-5	7
49.87	0.0	7
49.876	0.0	7
49.905	0.0	5
49.939	0.0	5
49.947	0.0	3
50.012	0.0	5
50.031	0.0	7
50.077	0.0	3
50.15	5.9e-5	5
50.157	5.9e-5	7
50.16	0.0	7
50.179	0.0	3
50.179	5.9e-5	7
50.21	0.0	3
50.224	0.0	5
50.252	0.0	3
50.254	0.0	7
50.343	0.0	3
50.386	0.0	3
50.398	0.0	3
50.431	0.0	7
50.446	0.0	3
50.49	0.0	7
50.499	5.9e-5	5
50.513	0.0	3
50.557	0.0	7
50.574	0.0	7
50.594	0.0	5
50.673	5.9e-5	3
50.693	0.0	5
50.694	5.9e-5	7
50.711	0.0	5
50.77	0.0	3
50.802	0.0	3
50.835	0.0	3
50.868	5.9e-5	5
50.877	0.0	7
50.879	0.0	3
50.887	0.0	7
50.891	0.0	5
50.896	0.0	5
50.938	5.9e-5	5
50.962	5.9e-5	7
50.998	0.0	5
51.008	0.0	5
51.017	0.0	3
51.031	0.0	5
51.037	0.0	7
51.056	5.9e-5	7
51.057	5.9e-5	7
51.095	0.0	5
51.104	0.0	3
51.114	5.9e-5	5
51.155	5.9e-5	5
51.17	0.0	5
51.184	0.0	5
51.203	5.9e-5	5
51.204	0.0	3
51.212	0.0	3
51.246	5.9e-5	7
51.247	0.0	7
51.293	0.004387	3
51.31	0.0	3
51.335	5.9e-5	7
51.351	0.0	3
51.355	5.9e-5	5
51.397	0.0	7
51.424	0.0	3
51.43	0.0	3
51.451	5.9e-5	5
51.466	0.0	3
51.471	0.0	3
51.496	0.0	7
51.512	0.005751	5
51.52	0.0	5
51.523	5.9e-5	7
51.524	0.0	5
51.538	0.0	3
51.549	0.0	7
51.557	0.0	7
51.561	0.0	7
51.565	0.0	5
51.581	0.0	5
51.619	0.0	3
51.624	5.9e-5	5
51.625	0.0	3
51.631	5.9e-5	3
51.643	0.0	3
51.644	0.0	5
51.706	0.0	5
51.708	5.9e-5	5
51.712	0.0	3
51.725	5.9e-5	7
51.734	0.0	3
51.739	0.0	7
51.746	0.0	3
51.761	5.9e-5	3
51.774	0.0	3
51.779	5.9e-5	7
51.793	5.9e-5	5
51.811	0.0	3
51.825	5.9e-5	5
51.827	0.0	7
51.898	0.0	3
51.905	5.9e-5	7
51.906	0.0	7
51.933	0.0	5
51.945	5.9e-5	7
51.961	5.9e-5	3
51.985	0.0	5
51.996	5.9e-5	3
52.01	0.0	7
52.01	0.0	7
52.022	5.9e-5	7
52.08	0.0	3
52.085	0.0	7
52.095	0.0	7
52.096	0.0	3
52.11	0.0	3
52.123	5.9e-5	7
52.134	5.9e-5	5
52.135	5.9e-5	7
52.155	0.00664	7
52.168	5.9e-5	5
52.17	0.0	3
52.179	0.0	3
52.184	0.0	3
52.186	0.0	5
52.191	5.9e-5	5
52.213	0.0	7
52.219	5.9e-5	7
52.241	0.0	5
52.247	0.0	3
52.253	0.0	5
52.254	0.0	5
52.286	0.0	3
52.291	0.0	3
52.322	0.0	7
52.328	0.0	5
52.337	0.0	7
52.366	5.9e-5	3
52.367	0.0	5
52.389	0.0	5
52.395	5.9e-5	5
52.448	0.0	7
52.461	5.9e-5	3
52.481	0.0	3
52.507	5.9e-5	7
52.538	0.0	5
52.631	0.0	3
52.67	0.0	5
52.681	0.0	3
52.732	0.0	3
52.819	0.0	3
52.855	0.0	7
52.856	5.9e-5	3
52.9	0.0	3
52.903	5.9e-5	7
52.97	0.0	7
53.015	5.9e-5	3
53.016	0.0	5
53.018	0.0	5
53.071	0.0	7
53.083	5.9e-5	7
53.09	0.0	7
53.098	5.9e-5	5
53.327	0.0	5
53.44	0.0	3
53.461	0.0	3
53.537	5.9e-5	5
53.647	0.0	7
53.656	0.0	5
53.675	0.0	7
53.696	5.9e-5	3
53.899	5.9e-5	7
53.947	0.0	5
53.96	5.9e-5	7
53.985	0.0	3
54.028	5.9e-5	7
54.051	5.9e-5	3
54.111	0.003024	3
54.198	0.0	5
54.253	5.9e-5	3
54.256	5.9e-5	7
54.294	5.9e-5	3
54.334	5.9e-5	5
54.355	0.003795	5
54.356	0.0	5
54.619	5.9e-5	5
54.633	0.0	3
54.671	5.9e-5	5
54.766	5.9e-5	5
54.848	0.0	7
54.98	0.004091	7
55.17	0.0	3
55.293	0.0	7
55.919	0.0	5
56.258	0.0	7
56.356	0.0	5
56.452	0.0	3
56.561	0.0	3
56.587	0.0	7
56.94	0.001957	3
57.121	0.0	3
57.197	0.002312	5
57.272	0.0	5
57.4	0.0	3
57.708	0.0	7
57.747	0.0	5
57.877	0.00249	7
58.188	0.0	5
59.324	0.0	3
59.89	0.001127	3
59.924	0.0	7
60.197	0.001304	5
60.854	0.001364	7
62.006	0.0	5
62.939	0.000711	3
63.25	0.000711	5
63.953	0.000771	7
65.928	0.000296	3
66.438	0.000356	5
67.036	0.000415	7
69.217	0.000119	3
69.673	0.000178	5
70.29	0.000178	7
72.454	5.9e-5	3
72.738	0.0	3
73.033	5.9e-5	5
73.575	5.9e-5	7
73.875	0.0	5
74.751	0.0	7
75.587	0.0	3
76.279	5.9e-5	5
76.771	5.9e-5	7
