0.050000 7.956070
0.100000 14.029235
0.150000 17.781185
0.200000 20.108251
0.250000 21.586000
0.300000 22.540559
0.350000 23.160834
0.400000 23.560591
0.450000 23.810974
0.500000 23.957966
0.550000 24.032144
0.600000 24.054336
0.650000 24.039029
0.700000 23.996475
0.750000 23.934040
0.800000 23.857085
0.850000 23.769554
0.900000 23.674376
0.950000 23.573739
1.000000 23.469293
1.100000 23.253648
1.200000 23.034208
1.300000 22.814859
1.400000 22.597800
1.500000 22.384225
1.600000 22.174725
1.700000 21.969523
1.800000 21.768628
1.900000 21.571918
2.000000 21.379203
2.100000 21.190255
2.200000 21.004834
2.300000 20.822698
2.400000 20.643614
2.500000 20.467363
2.600000 20.293737
2.700000 20.122548
2.800000 19.953622
2.900000 19.786800
3.000000 19.621939
3.100000 19.458910
3.200000 19.297596
3.300000 19.137891
3.400000 18.979702
3.500000 18.822944
3.600000 18.667542
3.700000 18.513428
3.800000 18.360542
3.900000 18.208831
4.000000 18.058247