 2xJf      Ef      2xJi     Ei       Ex       Mred.    B(EM )->   B(EM)<-   Mom.
  7(   1)  -92.112  5(   1)  -69.579  22.532    0.1650    0.0034    0.0045    0.0000
  7(   2)  -91.153  5(   1)  -69.579  21.574   -0.6159    0.0474    0.0632    0.0000
  7(   3)  -89.557  5(   1)  -69.579  19.978    1.0827    0.1465    0.1954    0.0000
  7(   4)  -88.846  5(   1)  -69.579  19.267    0.4209    0.0221    0.0295    0.0000
  7(   5)  -88.700  5(   1)  -69.579  19.121    0.6398    0.0512    0.0682    0.0000
  7(   6)  -88.504  5(   1)  -69.579  18.925    0.3061    0.0117    0.0156    0.0000
  7(   7)  -87.670  5(   1)  -69.579  18.090    0.2327    0.0068    0.0090    0.0000
  7(   8)  -87.250  5(   1)  -69.579  17.671    0.3705    0.0172    0.0229    0.0000
  7(   9)  -86.218  5(   1)  -69.579  16.638    0.4780    0.0286    0.0381    0.0000
  7(  10)  -85.371  5(   1)  -69.579  15.792    0.7232    0.0654    0.0872    0.0000
  7(  11)  -84.689  5(   1)  -69.579  15.110    0.9045    0.1023    0.1364    0.0000
  7(  12)  -83.701  5(   1)  -69.579  14.122   -1.1380    0.1619    0.2158    0.0000
  7(  13)  -82.653  5(   1)  -69.579  13.074    1.1992    0.1798    0.2397    0.0000
  7(  14)  -81.523  5(   1)  -69.579  11.944    1.2693    0.2014    0.2685    0.0000
  7(  15)  -80.321  5(   1)  -69.579  10.742    1.0270    0.1318    0.1758    0.0000
  7(  16)  -78.783  5(   1)  -69.579   9.204    1.1877    0.1763    0.2351    0.0000
  7(  17)  -77.364  5(   1)  -69.579   7.785   -1.5900    0.3160    0.4214    0.0000
  7(  18)  -75.841  5(   1)  -69.579   6.262    2.3236    0.6749    0.8998    0.0000
  7(  19)  -74.292  5(   1)  -69.579   4.713    4.0936    2.0947    2.7929    0.0000
  7(  20)  -73.140  5(   1)  -69.579   3.561   -4.9307    3.0390    4.0519    0.0000
  7(  21)  -71.757  5(   1)  -69.579   2.178   -2.9166    1.0633    1.4177    0.0000
  7(  22)  -69.958  5(   1)  -69.579   0.379    1.9155    0.4586    0.6115    0.0000
  7(  23)  -68.092  5(   1)  -69.579  -1.487    1.4733    0.2713    0.3617    0.0000
  7(  24)  -66.111  5(   1)  -69.579  -3.468    1.1523    0.1660    0.2213    0.0000
  7(  25)  -64.003  5(   1)  -69.579  -5.576    0.9789    0.1198    0.1597    0.0000
  7(  26)  -61.836  5(   1)  -69.579  -7.743    0.8951    0.1001    0.1335    0.0000
  7(  27)  -59.606  5(   1)  -69.579  -9.973    0.8154    0.0831    0.1108    0.0000
  7(  28)  -57.353  5(   1)  -69.579 -12.226    0.8385    0.0879    0.1172    0.0000
  7(  29)  -55.108  5(   1)  -69.579 -14.471    0.6854    0.0587    0.0783    0.0000
  7(  30)  -52.724  5(   1)  -69.579 -16.856    0.5452    0.0372    0.0495    0.0000
  7(  31)  -50.193  5(   1)  -69.579 -19.386    0.4479    0.0251    0.0334    0.0000
  7(  32)  -47.571  5(   1)  -69.579 -22.008    0.3689    0.0170    0.0227    0.0000
  7(  33)  -44.890  5(   1)  -69.579 -24.689    0.3155    0.0124    0.0166    0.0000
  7(  34)  -42.201  5(   1)  -69.579 -27.379    0.2595    0.0084    0.0112    0.0000
  7(  35)  -39.376  5(   1)  -69.579 -30.203    0.2039    0.0052    0.0069    0.0000
  7(  36)  -36.479  5(   1)  -69.579 -33.100    0.1579    0.0031    0.0042    0.0000
  7(  37)  -33.502  5(   1)  -69.579 -36.078    0.1184    0.0018    0.0023    0.0000
  7(  38)  -30.403  5(   1)  -69.579 -39.176    0.0890    0.0010    0.0013    0.0000
  7(  39)  -27.320  5(   1)  -69.579 -42.259    0.0632    0.0005    0.0007    0.0000
  7(  40)  -24.066  5(   1)  -69.579 -45.514    0.0428    0.0002    0.0003    0.0000
  7(  41)  -20.781  5(   1)  -69.579 -48.798    0.0293    0.0001    0.0001    0.0000
  7(  42)  -17.585  5(   1)  -69.579 -51.994    0.0177    0.0000    0.0001    0.0000
  7(  43)  -19.605  5(   1)  -69.579 -49.974    0.0128    0.0000    0.0000    0.0000
  7(  44)  -40.681  5(   1)  -69.579 -28.898    0.0146    0.0000    0.0000    0.0000
  7(  45)  -46.082  5(   1)  -69.579 -23.497    0.0177    0.0000    0.0001    0.0000
  7(  46)  -48.074  5(   1)  -69.579 -21.505    0.0212    0.0001    0.0001    0.0000
  7(  47)  -48.186  5(   1)  -69.579 -21.393    0.0249    0.0001    0.0001    0.0000
  7(  48)  -47.963  5(   1)  -69.579 -21.616    0.0263    0.0001    0.0001    0.0000
  7(  49)  -47.169  5(   1)  -69.579 -22.410    0.0281    0.0001    0.0001    0.0000
  7(  50)  -45.734  5(   1)  -69.579 -23.845    0.0294    0.0001    0.0001    0.0000
  7(  51)  -44.713  5(   1)  -69.579 -24.867    0.0289    0.0001    0.0001    0.0000
  7(  52)  -43.299  5(   1)  -69.579 -26.280    0.0291    0.0001    0.0001    0.0000
  7(  53)  -42.334  5(   1)  -69.579 -27.245    0.0288    0.0001    0.0001    0.0000
  7(  54)  -41.273  5(   1)  -69.579 -28.306    0.0275    0.0001    0.0001    0.0000
  7(  55)  -40.457  5(   1)  -69.579 -29.122    0.0267    0.0001    0.0001    0.0000
  7(  56)  -40.100  5(   1)  -69.579 -29.479    0.0262    0.0001    0.0001    0.0000
  7(  57)  -40.328  5(   1)  -69.579 -29.251    0.0266    0.0001    0.0001    0.0000
  7(  58)  -40.396  5(   1)  -69.579 -29.183    0.0264    0.0001    0.0001    0.0000
  7(  59)  -41.453  5(   1)  -69.579 -28.126    0.0272    0.0001    0.0001    0.0000
  7(  60)  -41.849  5(   1)  -69.579 -27.730    0.0272    0.0001    0.0001    0.0000
  7(  61)  -42.233  5(   1)  -69.579 -27.346    0.0262    0.0001    0.0001    0.0000
  7(  62)  -42.411  5(   1)  -69.579 -27.168    0.0253    0.0001    0.0001    0.0000
  7(  63)  -42.221  5(   1)  -69.579 -27.358    0.0235    0.0001    0.0001    0.0000
  7(  64)  -42.137  5(   1)  -69.579 -27.442    0.0220    0.0001    0.0001    0.0000
  7(  65)  -42.577  5(   1)  -69.579 -27.002    0.0219    0.0001    0.0001    0.0000
  7(  66)  -43.394  5(   1)  -69.579 -26.185    0.0230    0.0001    0.0001    0.0000
  7(  67)  -42.833  5(   1)  -69.579 -26.746    0.0231    0.0001    0.0001    0.0000
  7(  68)  -42.631  5(   1)  -69.579 -26.948    0.0227    0.0001    0.0001    0.0000
  7(  69)  -43.021  5(   1)  -69.579 -26.558    0.0222    0.0001    0.0001    0.0000
  7(  70)  -42.451  5(   1)  -69.579 -27.129    0.0204    0.0001    0.0001    0.0000
  7(  71)  -43.662  5(   1)  -69.579 -25.917    0.0205    0.0001    0.0001    0.0000
  7(  72)  -44.177  5(   1)  -69.579 -25.402    0.0203    0.0001    0.0001    0.0000
  7(  73)  -44.591  5(   1)  -69.579 -24.988    0.0201    0.0001    0.0001    0.0000
  7(  74)  -44.199  5(   1)  -69.579 -25.380    0.0205    0.0001    0.0001    0.0000
  7(  75)  -43.300  5(   1)  -69.579 -26.279    0.0200    0.0001    0.0001    0.0000
  7(  76)  -43.110  5(   1)  -69.579 -26.469    0.0184    0.0000    0.0001    0.0000
  7(  77)  -42.450  5(   1)  -69.579 -27.129    0.0168    0.0000    0.0000    0.0000
  7(  78)  -41.908  5(   1)  -69.579 -27.671    0.0156    0.0000    0.0000    0.0000
  7(  79)  -41.285  5(   1)  -69.579 -28.294    0.0148    0.0000    0.0000    0.0000
  7(  80)  -40.709  5(   1)  -69.579 -28.870    0.0140    0.0000    0.0000    0.0000
  7(  81)  -39.063  5(   1)  -69.579 -30.516    0.0123    0.0000    0.0000    0.0000
  7(  82)  -38.098  5(   1)  -69.579 -31.481    0.0099    0.0000    0.0000    0.0000
  7(  83)  -36.648  5(   1)  -69.579 -32.932    0.0069    0.0000    0.0000    0.0000
  7(  84)  -37.769  5(   1)  -69.579 -31.810    0.0048    0.0000    0.0000    0.0000
  7(  85)  -41.266  5(   1)  -69.579 -28.313    0.0044    0.0000    0.0000    0.0000
  7(  86)  -43.479  5(   1)  -69.579 -26.100    0.0044    0.0000    0.0000    0.0000
  7(  87)  -44.102  5(   1)  -69.579 -25.477    0.0044    0.0000    0.0000    0.0000
  7(  88)  -45.349  5(   1)  -69.579 -24.230    0.0049    0.0000    0.0000    0.0000
  7(  89)  -44.196  5(   1)  -69.579 -25.383    0.0045    0.0000    0.0000    0.0000
  7(  90)  -42.617  5(   1)  -69.579 -26.962    0.0039    0.0000    0.0000    0.0000
  7(  91)  -42.346  5(   1)  -69.579 -27.234    0.0037    0.0000    0.0000    0.0000
  7(  92)  -42.799  5(   1)  -69.579 -26.780    0.0036    0.0000    0.0000    0.0000
  7(  93)  -43.319  5(   1)  -69.579 -26.260    0.0037    0.0000    0.0000    0.0000
  7(  94)  -43.799  5(   1)  -69.579 -25.780    0.0036    0.0000    0.0000    0.0000
  7(  95)  -44.325  5(   1)  -69.579 -25.254    0.0036    0.0000    0.0000    0.0000
  7(  96)  -45.331  5(   1)  -69.579 -24.249    0.0036    0.0000    0.0000    0.0000
  7(  97)  -43.109  5(   1)  -69.579 -26.470    0.0032    0.0000    0.0000    0.0000
  7(  98)  -42.795  5(   1)  -69.579 -26.784    0.0030    0.0000    0.0000    0.0000
  7(  99)  -42.860  5(   1)  -69.579 -26.719    0.0029    0.0000    0.0000    0.0000
  7( 100)  -42.271  5(   1)  -69.579 -27.308    0.0027    0.0000    0.0000    0.0000
  7( 101)  -42.529  5(   1)  -69.579 -27.050    0.0027    0.0000    0.0000    0.0000
  7( 102)  -42.019  5(   1)  -69.579 -27.561    0.0027    0.0000    0.0000    0.0000
  7( 103)  -43.469  5(   1)  -69.579 -26.110    0.0028    0.0000    0.0000    0.0000
  7( 104)  -44.486  5(   1)  -69.579 -25.094    0.0030    0.0000    0.0000    0.0000
  7( 105)  -42.959  5(   1)  -69.579 -26.620    0.0031    0.0000    0.0000    0.0000
  7( 106)  -42.261  5(   1)  -69.579 -27.318    0.0027    0.0000    0.0000    0.0000
  7( 107)  -44.707  5(   1)  -69.579 -24.872    0.0032    0.0000    0.0000    0.0000
  7( 108)  -45.543  5(   1)  -69.579 -24.036    0.0035    0.0000    0.0000    0.0000
  7( 109)  -42.807  5(   1)  -69.579 -26.772    0.0029    0.0000    0.0000    0.0000
  7( 110)  -41.501  5(   1)  -69.579 -28.078    0.0019    0.0000    0.0000    0.0000
  7( 111)  -42.034  5(   1)  -69.579 -27.545    0.0018    0.0000    0.0000    0.0000
  7( 112)  -45.002  5(   1)  -69.579 -24.577    0.0019    0.0000    0.0000    0.0000
  7( 113)  -46.690  5(   1)  -69.579 -22.890    0.0024    0.0000    0.0000    0.0000
  7( 114)  -46.308  5(   1)  -69.579 -23.271    0.0026    0.0000    0.0000    0.0000
  7( 115)  -48.628  5(   1)  -69.579 -20.951    0.0016    0.0000    0.0000    0.0000
  7( 116)  -46.034  5(   1)  -69.579 -23.546    0.0009    0.0000    0.0000    0.0000
  7( 117)  -44.833  5(   1)  -69.579 -24.746    0.0006    0.0000    0.0000    0.0000
  7( 118)  -44.822  5(   1)  -69.579 -24.757    0.0006    0.0000    0.0000    0.0000
  7( 119)  -41.386  5(   1)  -69.579 -28.193    0.0007    0.0000    0.0000    0.0000
  7( 120)  -43.782  5(   1)  -69.579 -25.798    0.0005    0.0000    0.0000    0.0000
  7( 121)  -45.523  5(   1)  -69.579 -24.056    0.0005    0.0000    0.0000    0.0000
  7( 122)  -44.480  5(   1)  -69.579 -25.099    0.0004    0.0000    0.0000    0.0000
  7( 123)  -45.734  5(   1)  -69.579 -23.845    0.0004    0.0000    0.0000    0.0000
  7( 124)  -49.267  5(   1)  -69.579 -20.312    0.0004    0.0000    0.0000    0.0000
  7( 125)  -47.332  5(   1)  -69.579 -22.247    0.0004    0.0000    0.0000    0.0000
  7( 126)  -43.925  5(   1)  -69.579 -25.654    0.0004    0.0000    0.0000    0.0000
  7( 127)  -50.748  5(   1)  -69.579 -18.831    0.0004    0.0000    0.0000    0.0000
  7( 128)  -46.814  5(   1)  -69.579 -22.766    0.0004    0.0000    0.0000    0.0000
  7( 129)  -45.345  5(   1)  -69.579 -24.234    0.0003    0.0000    0.0000    0.0000
  7( 130)  -47.112  5(   1)  -69.579 -22.467    0.0003    0.0000    0.0000    0.0000
  7( 131)  -49.101  5(   1)  -69.579 -20.478    0.0003    0.0000    0.0000    0.0000
  7( 132)  -48.845  5(   1)  -69.579 -20.734    0.0003    0.0000    0.0000    0.0000
  7( 133)  -48.725  5(   1)  -69.579 -20.854    0.0002    0.0000    0.0000    0.0000
  7( 134)  -53.706  5(   1)  -69.579 -15.873    0.0003    0.0000    0.0000    0.0000
  7( 135)  -48.942  5(   1)  -69.579 -20.637    0.0002    0.0000    0.0000    0.0000
  7( 136)  -44.925  5(   1)  -69.579 -24.654    0.0002    0.0000    0.0000    0.0000
  7( 137)  -49.388  5(   1)  -69.579 -20.192    0.0002    0.0000    0.0000    0.0000
  7( 138)  -49.063  5(   1)  -69.579 -20.516    0.0002    0.0000    0.0000    0.0000
  7( 139)  -48.821  5(   1)  -69.579 -20.758    0.0002    0.0000    0.0000    0.0000
  7( 140)  -52.348  5(   1)  -69.579 -17.231    0.0002    0.0000    0.0000    0.0000
  7( 141)  -52.566  5(   1)  -69.579 -17.013    0.0002    0.0000    0.0000    0.0000
  7( 142)  -52.361  5(   1)  -69.579 -17.218    0.0002    0.0000    0.0000    0.0000
  7( 143)  -51.949  5(   1)  -69.579 -17.631    0.0002    0.0000    0.0000    0.0000
  7( 144)  -51.270  5(   1)  -69.579 -18.309    0.0001    0.0000    0.0000    0.0000
  7( 145)  -47.877  5(   1)  -69.579 -21.703    0.0001    0.0000    0.0000    0.0000
  7( 146)  -56.071  5(   1)  -69.579 -13.508    0.0001    0.0000    0.0000    0.0000
  7( 147)  -57.302  5(   1)  -69.579 -12.277    0.0001    0.0000    0.0000    0.0000
  7( 148)  -52.064  5(   1)  -69.579 -17.515    0.0001    0.0000    0.0000    0.0000
  7( 149)  -48.360  5(   1)  -69.579 -21.219    0.0001    0.0000    0.0000    0.0000
  7( 150)  -47.958  5(   1)  -69.579 -21.621    0.0000    0.0000    0.0000    0.0000
  7( 151)  -47.293  5(   1)  -69.579 -22.286    0.0000    0.0000    0.0000    0.0000
  7( 152)  -47.574  5(   1)  -69.579 -22.005    0.0001    0.0000    0.0000    0.0000
  7( 153)  -49.808  5(   1)  -69.579 -19.771    0.0001    0.0000    0.0000    0.0000
  7( 154)  -49.594  5(   1)  -69.579 -19.985    0.0001    0.0000    0.0000    0.0000
  7( 155)  -47.267  5(   1)  -69.579 -22.312    0.0001    0.0000    0.0000    0.0000
  7( 156)  -46.961  5(   1)  -69.579 -22.618    0.0000    0.0000    0.0000    0.0000
  7( 157)  -42.143  5(   1)  -69.579 -27.436    0.0001    0.0000    0.0000    0.0000
  7( 158)  -45.971  5(   1)  -69.579 -23.609    0.0000    0.0000    0.0000    0.0000
  7( 159)  -47.126  5(   1)  -69.579 -22.453    0.0001    0.0000    0.0000    0.0000
  7( 160)  -50.418  5(   1)  -69.579 -19.161    0.0001    0.0000    0.0000    0.0000
  7( 161)  -50.667  5(   1)  -69.579 -18.912    0.0000    0.0000    0.0000    0.0000
  7( 162)  -49.982  5(   1)  -69.579 -19.597    0.0001    0.0000    0.0000    0.0000
  7( 163)  -48.627  5(   1)  -69.579 -20.952    0.0001    0.0000    0.0000    0.0000
  7( 164)  -50.082  5(   1)  -69.579 -19.497    0.0000    0.0000    0.0000    0.0000
  7( 165)  -50.924  5(   1)  -69.579 -18.656    0.0001    0.0000    0.0000    0.0000
  7( 166)  -44.816  5(   1)  -69.579 -24.763    0.0001    0.0000    0.0000    0.0000
  7( 167)  -45.431  5(   1)  -69.579 -24.148    0.0000    0.0000    0.0000    0.0000
  7( 168)  -52.026  5(   1)  -69.579 -17.553    0.0001    0.0000    0.0000    0.0000
  7( 169)  -50.625  5(   1)  -69.579 -18.954    0.0000    0.0000    0.0000    0.0000
  7( 170)  -49.180  5(   1)  -69.579 -20.400    0.0000    0.0000    0.0000    0.0000
  7( 171)  -47.021  5(   1)  -69.579 -22.558    0.0000    0.0000    0.0000    0.0000
  7( 172)  -49.197  5(   1)  -69.579 -20.382    0.0000    0.0000    0.0000    0.0000
  7( 173)  -54.793  5(   1)  -69.579 -14.786    0.0000    0.0000    0.0000    0.0000
  7( 174)  -54.078  5(   1)  -69.579 -15.501    0.0000    0.0000    0.0000    0.0000
  7( 175)  -52.445  5(   1)  -69.579 -17.134    0.0000    0.0000    0.0000    0.0000
  7( 176)  -53.418  5(   1)  -69.579 -16.161    0.0000    0.0000    0.0000    0.0000
  7( 177)  -49.773  5(   1)  -69.579 -19.806    0.0000    0.0000    0.0000    0.0000
  7( 178)  -48.162  5(   1)  -69.579 -21.417   -0.0000    0.0000    0.0000    0.0000
  7( 179)  -43.866  5(   1)  -69.579 -25.714    0.0001    0.0000    0.0000    0.0000
  7( 180)  -42.346  5(   1)  -69.579 -27.233    0.0000    0.0000    0.0000    0.0000
  7( 181)  -39.508  5(   1)  -69.579 -30.071    0.0000    0.0000    0.0000    0.0000
  7( 182)  -34.432  5(   1)  -69.579 -35.147    0.0000    0.0000    0.0000    0.0000
  7( 183)  -56.573  5(   1)  -69.579 -13.006    0.0001    0.0000    0.0000    0.0000
  7( 184)  -57.203  5(   1)  -69.579 -12.376    0.0000    0.0000    0.0000    0.0000
  7( 185)  -55.805  5(   1)  -69.579 -13.775    0.0000    0.0000    0.0000    0.0000
  7( 186)  -54.836  5(   1)  -69.579 -14.743   -0.0000    0.0000    0.0000    0.0000
  7( 187)  -54.159  5(   1)  -69.579 -15.420    0.0000    0.0000    0.0000    0.0000
  7( 188)  -53.425  5(   1)  -69.579 -16.154    0.0000    0.0000    0.0000    0.0000
  7( 189)  -52.919  5(   1)  -69.579 -16.660    0.0000    0.0000    0.0000    0.0000
  7( 190)  -52.197  5(   1)  -69.579 -17.382    0.0000    0.0000    0.0000    0.0000
  7( 191)  -51.374  5(   1)  -69.579 -18.206    0.0000    0.0000    0.0000    0.0000
  7( 192)  -50.857  5(   1)  -69.579 -18.723    0.0000    0.0000    0.0000    0.0000
  7( 193)  -50.327  5(   1)  -69.579 -19.252    0.0000    0.0000    0.0000    0.0000
  7( 194)  -49.736  5(   1)  -69.579 -19.843    0.0000    0.0000    0.0000    0.0000
  7( 195)  -49.249  5(   1)  -69.579 -20.330    0.0000    0.0000    0.0000    0.0000
  7( 196)  -48.481  5(   1)  -69.579 -21.098    0.0000    0.0000    0.0000    0.0000
  7( 197)  -47.398  5(   1)  -69.579 -22.182    0.0000    0.0000    0.0000    0.0000
  7( 198)  -60.847  5(   1)  -69.579  -8.732    0.0000    0.0000    0.0000    0.0000
  7( 199)  -57.475  5(   1)  -69.579 -12.104   -0.0000    0.0000    0.0000    0.0000
  7( 200)  -55.662  5(   1)  -69.579 -13.917    0.0000    0.0000    0.0000    0.0000